6.000000000000000000e+00
6.120000000000000107e+00
6.240000000000000213e+00
6.360000000000000320e+00
6.480000000000000426e+00
6.600000000000000533e+00
6.720000000000000639e+00
6.840000000000000746e+00
6.960000000000000853e+00
7.080000000000000959e+00
7.200000000000001066e+00
7.320000000000001172e+00
7.440000000000001279e+00
7.560000000000001386e+00
7.680000000000001492e+00
7.800000000000001599e+00
7.920000000000001705e+00
8.040000000000002700e+00
8.160000000000001918e+00
8.280000000000001137e+00
8.400000000000002132e+00
8.520000000000003126e+00
8.640000000000002345e+00
8.760000000000001563e+00
8.880000000000002558e+00
9.000000000000003553e+00
9.120000000000002771e+00
9.240000000000001990e+00
9.360000000000002984e+00
9.480000000000003979e+00
9.600000000000003197e+00
9.720000000000002416e+00
9.840000000000003411e+00
9.960000000000004405e+00
1.008000000000000362e+01
1.020000000000000284e+01
1.032000000000000384e+01
1.044000000000000483e+01
1.056000000000000405e+01
1.068000000000000327e+01
1.080000000000000426e+01
1.092000000000000526e+01
1.104000000000000448e+01
1.116000000000000369e+01
1.128000000000000469e+01
1.140000000000000568e+01
1.152000000000000490e+01
1.164000000000000412e+01
1.176000000000000512e+01
1.188000000000000611e+01
1.200000000000000533e+01
1.212000000000000455e+01
1.224000000000000554e+01
1.236000000000000654e+01
1.248000000000000576e+01
1.260000000000000497e+01
1.272000000000000597e+01
1.284000000000000696e+01
1.296000000000000618e+01
1.308000000000000540e+01
1.320000000000000639e+01
1.332000000000000739e+01
1.344000000000000661e+01
1.356000000000000583e+01
1.368000000000000682e+01
1.380000000000000782e+01
1.392000000000000703e+01
1.404000000000000625e+01
1.416000000000000725e+01
1.428000000000000824e+01
1.440000000000000746e+01
1.452000000000000668e+01
1.464000000000000767e+01
1.476000000000000867e+01
1.488000000000000789e+01
1.500000000000000711e+01
1.512000000000000810e+01
1.524000000000000909e+01
1.536000000000000831e+01
1.548000000000000753e+01
1.560000000000000853e+01
1.572000000000000952e+01
1.584000000000000874e+01
1.596000000000000796e+01
1.608000000000000895e+01
1.620000000000000995e+01
1.632000000000000739e+01
1.644000000000000838e+01
1.656000000000000938e+01
1.668000000000001037e+01
1.680000000000001137e+01
1.692000000000000881e+01
1.704000000000000981e+01
1.716000000000001080e+01
1.728000000000000824e+01
1.740000000000000924e+01
1.752000000000001023e+01
1.764000000000001123e+01
1.776000000000001222e+01
1.788000000000000966e+01
1.800000000000001066e+01
1.812000000000001165e+01
