2.000000000000000000e+01
2.080000000000000071e+01
2.160000000000000142e+01
2.240000000000000213e+01
2.320000000000000284e+01
2.400000000000000355e+01
2.480000000000000426e+01
2.560000000000000497e+01
2.640000000000000568e+01
2.720000000000000639e+01
2.800000000000000711e+01
2.880000000000000782e+01
2.960000000000000853e+01
3.040000000000000924e+01
3.120000000000000995e+01
3.200000000000001421e+01
3.280000000000001137e+01
3.360000000000000853e+01
3.440000000000001279e+01
3.520000000000001705e+01
3.600000000000001421e+01
3.680000000000001137e+01
3.760000000000001563e+01
3.840000000000001990e+01
3.920000000000001705e+01
4.000000000000001421e+01
4.080000000000001847e+01
4.160000000000002274e+01
4.240000000000001990e+01
4.320000000000001705e+01
4.400000000000002132e+01
4.480000000000002558e+01
4.560000000000002274e+01
4.640000000000001990e+01
4.720000000000002416e+01
4.800000000000002842e+01
4.880000000000002558e+01
4.960000000000002274e+01
5.040000000000002700e+01
5.120000000000003126e+01
5.200000000000002842e+01
5.280000000000002558e+01
5.360000000000002984e+01
5.440000000000003411e+01
5.520000000000003126e+01
5.600000000000002842e+01
5.680000000000003268e+01
5.760000000000003695e+01
5.840000000000003411e+01
5.920000000000003126e+01
6.000000000000003553e+01
6.080000000000003979e+01
6.160000000000003695e+01
6.240000000000003411e+01
6.320000000000003837e+01
6.400000000000004263e+01
6.480000000000003979e+01
6.560000000000003695e+01
6.640000000000003411e+01
6.720000000000004547e+01
6.800000000000004263e+01
6.880000000000003979e+01
6.960000000000005116e+01
7.040000000000004832e+01
7.120000000000004547e+01
7.200000000000004263e+01
7.280000000000003979e+01
7.360000000000005116e+01
7.440000000000004832e+01
7.520000000000004547e+01
7.600000000000005684e+01
7.680000000000005400e+01
7.760000000000005116e+01
7.840000000000004832e+01
7.920000000000004547e+01
8.000000000000005684e+01
8.080000000000005400e+01
8.160000000000005116e+01
8.240000000000006253e+01
8.320000000000005969e+01
8.400000000000005684e+01
8.480000000000005400e+01
8.560000000000005116e+01
8.640000000000006253e+01
8.720000000000005969e+01
8.800000000000005684e+01
8.880000000000006821e+01
8.960000000000006537e+01
9.040000000000006253e+01
9.120000000000005969e+01
9.200000000000005684e+01
9.280000000000006821e+01
9.360000000000006537e+01
9.440000000000006253e+01
9.520000000000007390e+01
9.600000000000007105e+01
9.680000000000006821e+01
9.760000000000006537e+01
9.840000000000006253e+01
9.920000000000007390e+01
1.000000000000000711e+02
