0.000000000000000000e+00
7.500000000000000000e-01
1.500000000000000000e+00
2.250000000000000000e+00
3.000000000000000000e+00
3.750000000000000000e+00
4.500000000000000000e+00
5.250000000000000000e+00
6.000000000000000000e+00
6.750000000000000000e+00
7.500000000000000000e+00
8.250000000000000000e+00
9.000000000000000000e+00
9.750000000000000000e+00
1.050000000000000000e+01
1.125000000000000000e+01
1.200000000000000000e+01
1.275000000000000000e+01
1.350000000000000000e+01
1.425000000000000000e+01
1.500000000000000000e+01
1.575000000000000000e+01
1.650000000000000000e+01
1.725000000000000000e+01
1.800000000000000000e+01
1.875000000000000000e+01
1.950000000000000000e+01
2.025000000000000000e+01
2.100000000000000000e+01
2.175000000000000000e+01
2.250000000000000000e+01
2.325000000000000000e+01
2.400000000000000000e+01
2.475000000000000000e+01
2.550000000000000000e+01
2.625000000000000000e+01
2.700000000000000000e+01
2.775000000000000000e+01
2.850000000000000000e+01
2.925000000000000000e+01
3.000000000000000000e+01
3.075000000000000000e+01
3.150000000000000000e+01
3.225000000000000000e+01
3.300000000000000000e+01
3.375000000000000000e+01
3.450000000000000000e+01
3.525000000000000000e+01
3.600000000000000000e+01
3.675000000000000000e+01
3.750000000000000000e+01
3.825000000000000000e+01
3.900000000000000000e+01
3.975000000000000000e+01
4.050000000000000000e+01
4.125000000000000000e+01
4.200000000000000000e+01
4.275000000000000000e+01
4.350000000000000000e+01
4.425000000000000000e+01
4.500000000000000000e+01
4.575000000000000000e+01
4.650000000000000000e+01
4.725000000000000000e+01
4.800000000000000000e+01
4.875000000000000000e+01
4.950000000000000000e+01
5.025000000000000000e+01
5.100000000000000000e+01
5.175000000000000000e+01
5.250000000000000000e+01
5.325000000000000000e+01
5.400000000000000000e+01
5.475000000000000000e+01
5.550000000000000000e+01
5.625000000000000000e+01
5.700000000000000000e+01
5.775000000000000000e+01
5.850000000000000000e+01
5.925000000000000000e+01
6.000000000000000000e+01
6.075000000000000000e+01
6.150000000000000000e+01
6.225000000000000000e+01
6.300000000000000000e+01
6.375000000000000000e+01
6.450000000000000000e+01
6.525000000000000000e+01
6.600000000000000000e+01
6.675000000000000000e+01
6.750000000000000000e+01
6.825000000000000000e+01
6.900000000000000000e+01
6.975000000000000000e+01
7.050000000000000000e+01
7.125000000000000000e+01
7.200000000000000000e+01
7.275000000000000000e+01
7.350000000000000000e+01
7.425000000000000000e+01
7.500000000000000000e+01
